(0.979975843939029, 0.199116411418012, 0)
(0.568820588984663, 0.822461632872404, 0)
(0.986395049151641, -0.164392235245868, 0)
(-0.969815051888575, -0.243841680461647, 0)
(0.775674972403204, -0.631132582891494, 0)
(-0.573789783291634, 0.819002615740719, 0)
(0.912468075991866, -0.409147907602742, 0)
(0.0977558506135831, -0.995210426829831, 0)
(-0.118122450941584, -0.992999036547142, 0)
(0.894080188100694, 0.447906929222832, 0)
(-0.0366375373178233, -0.999328620054127, 0)
(-0.65889617343483, 0.752233894897683, 0)
(-0.71478456000585, -0.699344716700743, 0)
(-0.630248888145419, 0.776393160062261, 0)
(-0.714836604357143, 0.699291519375967, 0)
(0.925979148951275, -0.377574649185392, 0)
(-0.901287450893637, -0.433221572479544, 0)
(0.975617219745438, 0.219479020719934, 0)
(0.705751864382951, -0.708459106737989, 0)
(-0.546766790377889, -0.837284943695909, 0)
(-0.470988002370565, 0.882139615720201, 0)
(0.956157553743347, -0.292852748697256, 0)
(-0.931761576456229, 0.363070743299157, 0)
(0.782257634028317, 0.622955049746303, 0)
(-0.994274655593723, -0.106854617326458, 0)
(0.994014511432267, 0.109248116972659, 0)
(0.998439775834893, 0.0558391800689135, 0)
(-0.575783562728847, -0.817602158076454, 0)
(-0.877181029279866, -0.480159808679896, 0)
(-0.247768594599312, -0.968819241928174, 0)
(0.906820871592828, 0.42151619997768, 0)
(0.985177271789703, 0.171539334116106, 0)
(-0.999511791753766, -0.0312438497176001, 0)
(-0.990823453930608, 0.135162432432317, 0)
(-0.397187110822101, -0.917737652598384, 0)
(0.864357307232439, 0.502878161619578, 0)
(0.895354590464985, 0.445353968583732, 0)
(0.132949753462752, 0.991122779000762, 0)
(0.16568429584454, 0.986178844890976, 0)
(0.988315405706263, -0.152422632321008, 0)
(0.819054677875017, -0.573715464887475, 0)
(0.933994116400123, 0.357288385663394, 0)
(0.983585935519481, -0.180440315473753, 0)
(0.999982572439195, 0.00590379690451709, 0)
(0.654661214809478, 0.755922412569027, 0)
(0.718709145008171, -0.695310840474693, 0)
(-0.537647595914636, -0.843169652328173, 0)
(-0.975999749494814, 0.217771644127651, 0)
(0.823593946798515, -0.567179875169107, 0)
(-0.816941276694491, -0.57672086006384, 0)
(-0.208864143936024, -0.977944665805725, 0)
(-0.0201929804932129, 0.999796100981996, 0)
(0.550199799780965, 0.83503304145464, 0)
(-0.795762581374046, -0.605608713679811, 0)
(-0.642210567929567, -0.766528268519552, 0)
(0.878699517273816, 0.477375280406058, 0)
(-0.231393412331089, -0.972860261666481, 0)
(0.669206084281112, -0.743076857909827, 0)
(0.990318136160091, 0.138816386613406, 0)
(0.702082132482622, -0.712095976149742, 0)
(-0.527162108068794, 0.849764739099279, 0)
(-0.190863907442466, 0.98161650802938, 0)
(0.392110470483498, 0.919918137084605, 0)
(-0.999782399720281, -0.0208603262092703, 0)
(0.999570602197031, 0.029302068586782, 0)
(-0.207518635107119, -0.97823106477114, 0)
(0.635071812124879, -0.772453101129397, 0)
(0.432356407666834, -0.901702798459354, 0)
(-0.46219850122766, -0.886776491266489, 0)
(-0.266215808753373, 0.963913452115794, 0)
(0.660925313237059, -0.750451684202584, 0)
(-0.549201713234387, 0.835689821752314, 0)
(0.378090019198717, -0.92576883582367, 0)
(0.805490642116382, -0.592608492567343, 0)
(0.0325314233500625, -0.999470713175138, 0)
(-0.124721783878758, 0.992191753959939, 0)
(0.993305564364957, -0.115516474156781, 0)
(-0.92960184219429, 0.368565346972532, 0)
(0.98301941711325, -0.183501568326611, 0)
(-0.640297113843197, -0.768127337102431, 0)
(-0.626544209181164, 0.779385882564952, 0)
(-0.962316781050167, -0.271930897305263, 0)
(-0.0104843669737664, -0.999945037514142, 0)
(0.99352356778204, -0.113626230517633, 0)
(0.999201585178821, -0.0399523738485023, 0)
(0.403118837067518, -0.915147640111327, 0)
(0.685285349583527, -0.728274666349299, 0)
(0.814295631157656, -0.580450364008461, 0)
(0.519308650844269, 0.854586756952332, 0)
(-0.787113391795113, -0.616808323919832, 0)
(-0.689236766693407, 0.724536182283548, 0)
(0.26824451189532, 0.963350861232833, 0)
(0.269246634923299, 0.963071258829003, 0)
(-0.585930003465448, 0.810361666812406, 0)
(-0.650525811096066, -0.759484146706042, 0)
(-0.719496547473552, -0.694496017392209, 0)
(0.694904938551906, -0.71910161060602, 0)
(0.95128730195732, -0.308305804575203, 0)
(0.999726175581401, -0.0234002960961028, 0)
(-0.875321188286599, 0.48354194992424, 0)
(0.993526934084626, 0.113596792421283, 0)
(0.527833051919951, -0.849348143755475, 0)
(0.729813679149616, -0.683646102692103, 0)
(0.0197769175427342, 0.999804417640024, 0)
(-0.57109219269844, -0.820885928396198, 0)
(0.768566685347216, -0.639769685257432, 0)
(0.643292655988533, 0.765620375088868, 0)
(0.292493372304482, -0.956267549986902, 0)
(-0.276398944972882, 0.961042987185213, 0)
(0.664828293200097, -0.746996211878378, 0)
(-0.999126235471881, 0.0417943248753612, 0)
(-0.617075740248631, -0.786903762093309, 0)
(0.691105506585086, 0.722753885335646, 0)
(0.416169804768419, 0.909286914894862, 0)
(0.378359380934729, 0.925658781008795, 0)
(-0.928162201148262, 0.372175937373191, 0)
(0.992589633812575, 0.121514685729001, 0)
(-0.868040431721423, -0.496493513448952, 0)
(-0.999516788869273, -0.0310835771502809, 0)
(-0.734379327201235, -0.678739275259257, 0)
(-0.5249850489397, -0.851111448865412, 0)
(0.984458892066096, 0.175615175403479, 0)
(0.532882002612735, -0.846189559904541, 0)
(-0.157588310188673, -0.987504898464751, 0)
(-0.88553352905869, -0.464575471708163, 0)
(-0.953280685454793, 0.302085972429769, 0)
(-0.598561768042853, 0.801076656654913, 0)
(0.517952344029354, 0.855409474646206, 0)
(0.787175150318347, -0.616729505311111, 0)
(-0.353920740069978, -0.935275419193897, 0)
(0.992125176772818, -0.125250283885923, 0)
(-0.773592018413271, -0.633683982003082, 0)
(0.870566875131642, 0.492050115256087, 0)
(0.564665143710954, 0.825320104855012, 0)
(-0.937954349037248, -0.346758762141799, 0)
(0.653457114386329, 0.756963539186593, 0)
(0.206983001037958, -0.978344539148311, 0)
(0.963093453185537, 0.269167235062439, 0)
(-0.546775957341666, 0.837278957381054, 0)
(0.985014303160034, -0.172472671951683, 0)
(-0.668330622646533, -0.743864355129951, 0)
(-0.5625355318766, -0.826773109974139, 0)
(-0.636453113964413, 0.771315391863148, 0)
(-0.889478122662389, -0.456977755809833, 0)
(0.997112442379762, 0.0759392997825589, 0)
(-0.986735325303497, -0.162337296386881, 0)
(-0.757130663495474, 0.653263467825121, 0)
(-0.0598226326847268, -0.998209022509148, 0)
(0.334098632547021, -0.942538117918958, 0)
(-0.461608050210411, -0.887083991503027, 0)
(0.131241705892367, 0.991350399523025, 0)
(-0.999999984482245, -0.000176168983030311, 0)
(-0.89898320494043, -0.437983101540496, 0)
(0.0658615693077289, -0.997828769723705, 0)
(0.384885171363591, 0.922964465656408, 0)
(0.206551333863733, -0.978435765126721, 0)
(0.0537342049633884, 0.998555273991857, 0)
(0.00516918265410051, -0.999986639686095, 0)
(-0.721155537413344, 0.692773188610869, 0)
(0.834677292075515, -0.550739337702952, 0)
(-0.604267210263064, 0.796781738370612, 0)
(-0.0733097497710456, 0.997309220146142, 0)
(0.32579794421344, 0.945439421404828, 0)
(0.101118499411385, -0.994874388592243, 0)
(0.277144642767496, -0.960828208882981, 0)
(-0.936086777820115, 0.351769163501229, 0)
(0.68893812920156, -0.724820152956756, 0)
(-0.999026682315728, -0.0441099537658949, 0)
(0.0131962491360822, 0.999912925713404, 0)
(-0.963787232227835, -0.266672403886508, 0)
(-0.304417302166202, 0.95253876883928, 0)
(0.441708911256324, 0.89715842397915, 0)
(-0.1130244528173, -0.993592206624705, 0)
(-0.866472855752584, 0.499224188360262, 0)
(-0.943137670135976, 0.332402369381572, 0)
(0.419125237185535, 0.90792843085464, 0)
(0.0245572828776697, 0.999698424454928, 0)
(-0.411761483045171, 0.911291655333484, 0)
(0.422860906864853, -0.906194600207612, 0)
(0.876951694752867, -0.480578531636688, 0)
(-0.13270512133405, 0.991155563356083, 0)
(-0.998353924983214, -0.0573536439174632, 0)
(-0.0161422495241706, 0.999869705401809, 0)
(-0.975194767560904, -0.221348515517576, 0)
(0.955882743336972, 0.293748499554611, 0)
(-0.4699170689667, 0.88271056881276, 0)
(0.97298910786374, 0.230851025508928, 0)
(-0.433644860564893, 0.901083866743631, 0)
(0.979072370173234, -0.203512392653041, 0)
(-0.646198358787679, 0.763169496966506, 0)
(-0.072027218344598, 0.997402666838995, 0)
(0.421734636416112, 0.906719304110688, 0)
(-0.3691608171902, -0.929365531452218, 0)
(-0.723692831111858, 0.690122225549434, 0)
(0.966175214633715, -0.257886515016772, 0)
(-0.52824916666187, 0.849089405140024, 0)
(0.331612270786929, -0.943415762992932, 0)
(-0.46167948622115, -0.887046815000525, 0)
(-0.919251492779797, 0.393670792696276, 0)
(0.973212278825533, 0.229908373799679, 0)
